Name:  atlas
Label: 11
    count: 14763
    min: 0
    max: 65535
    median: 1638.38
    mean: 2086.27
    sigma: 10477.2
    variance: 1.09772e+08
    sum: 3.07996e+07
    region: index(84, 66, 120) size(81, 50, 16)
    bounding box: (84, 164) (66, 115) (120, 135) 
