Name:  cervical6
Label: 16
    count: 8859
    min: 1
    max: 65535
    median: 1638.38
    mean: 601.789
    sigma: 4208.11
    variance: 1.77082e+07
    sum: 5.33125e+06
    region: index(94, 45, 67) size(59, 57, 18)
    bounding box: (94, 152) (45, 101) (67, 84) 
