Name:  cervical6
Label: 16
    count: 8862
    min: 1
    max: 65535
    median: 1638.38
    mean: 601.619
    sigma: 4207.41
    variance: 1.77023e+07
    sum: 5.33155e+06
    region: index(94, 45, 67) size(59, 57, 18)
    bounding box: (94, 152) (45, 101) (67, 84) 
