Name:  left_vertebral_artery
Label: 106
    count: 2331
    min: 1
    max: 65532
    median: 1638.38
    mean: 687.785
    sigma: 5391.46
    variance: 2.90678e+07
    sum: 1.60323e+06
    region: index(90, 80, 51) size(30, 36, 98)
    bounding box: (90, 119) (80, 115) (51, 148) 
