Name:  left_sternocleidomastoideus_muscle
Label: 61
    count: 16264
    min: 0
    max: 65535
    median: 1638.38
    mean: 2115.48
    sigma: 11394.7
    variance: 1.29839e+08
    sum: 3.44061e+07
    region: index(63, 90, 37) size(49, 49, 94)
    bounding box: (63, 111) (90, 138) (37, 130) 
