Name:  left_clavicle
Label: 27
    count: 12763
    min: 0
    max: 65535
    median: 383.994
    mean: 2128.43
    sigma: 9982.35
    variance: 9.96474e+07
    sum: 2.71652e+07
    region: index(7, 67, 25) size(99, 69, 52)
    bounding box: (7, 105) (67, 135) (25, 76) 
