Name:  right_vertebral_artery
Label: 105
    count: 2792
    min: 1
    max: 65535
    median: 1638.38
    mean: 721.535
    sigma: 5505.54
    variance: 3.03109e+07
    sum: 2.01453e+06
    region: index(114, 78, 49) size(44, 39, 100)
    bounding box: (114, 157) (78, 116) (49, 148) 
