Name:  right_parotid_gland
Label: 50
    count: 11398
    min: 0
    max: 65535
    median: 1638.38
    mean: 1172.2
    sigma: 8400.09
    variance: 7.05616e+07
    sum: 1.33607e+07
    region: index(169, 96, 100) size(21, 40, 43)
    bounding box: (169, 189) (96, 135) (100, 142) 
