Name:  thyroid_gland
Label: 118
    count: 7958
    min: 1
    max: 65534
    median: 127.998
    mean: 1264.61
    sigma: 8332.02
    variance: 6.94225e+07
    sum: 1.00637e+07
    region: index(100, 96, 37) size(43, 24, 38)
    bounding box: (100, 142) (96, 119) (37, 74) 
